ID	POP	REG	Pop0	Pop1	Pop2	Pop3
ME699	Half_Elven1	Half_Elven	0.000010	0.029525	0.024090	0.946375
ME700	Half_Elven1	Half_Elven	0.000010	0.059299	0.012809	0.927882
ME701	Half_Elven1	Half_Elven	0.012389	0.021648	0.047442	0.918521
ME702	Half_Elven1	Half_Elven	0.013056	0.031301	0.040854	0.914788
ME703	Half_Elven1	Half_Elven	0.043300	0.000010	0.010757	0.945933
ME704	Half_Elven1	Half_Elven	0.000010	0.071353	0.013724	0.914913
ME705	Half_Elven1	Half_Elven	0.000010	0.061361	0.038901	0.899728
ME706	Half_Elven1	Half_Elven	0.026261	0.034668	0.032060	0.907012
ME707	Half_Elven1	Half_Elven	0.016368	0.041288	0.052843	0.889501
ME708	Half_Elven1	Half_Elven	0.055523	0.029992	0.086223	0.828262
ME709	Half_Elven1	Half_Elven	0.036718	0.021903	0.008532	0.932848
ME710	Half_Elven1	Half_Elven	0.015088	0.018873	0.016939	0.949099
ME711	Half_Elven1	Half_Elven	0.024226	0.000010	0.038653	0.937111
ME712	Half_Elven1	Half_Elven	0.048537	0.012306	0.000010	0.939148
ME713	Half_Elven1	Half_Elven	0.025992	0.052612	0.000010	0.921386
ME714	Half_Elven1	Half_Elven	0.002082	0.067585	0.001392	0.928941
ME715	Half_Elven1	Half_Elven	0.000010	0.030112	0.024156	0.945722
ME716	Half_Elven1	Half_Elven	0.031293	0.044459	0.016674	0.907574
ME717	Half_Elven1	Half_Elven	0.020560	0.025030	0.011465	0.942944
ME718	Half_Elven1	Half_Elven	0.000010	0.028456	0.000010	0.971524
ME719	Half_Elven1	Half_Elven	0.035176	0.038467	0.020145	0.906213
ME720	Half_Elven1	Half_Elven	0.031069	0.024803	0.025158	0.918969
ME721	Half_Elven1	Half_Elven	0.013370	0.033197	0.020916	0.932517
ME722	Half_Elven1	Half_Elven	0.039617	0.037993	0.051763	0.870626
ME723	Half_Elven1	Half_Elven	0.027122	0.112883	0.113358	0.746637
ME724	Half_Elven1	Half_Elven	0.038374	0.106133	0.062633	0.792861
ME725	Half_Elven1	Half_Elven	0.084919	0.046992	0.056453	0.811635
ME726	Half_Elven1	Half_Elven	0.043582	0.000010	0.036489	0.919919
ME727	Half_Elven1	Half_Elven	0.074241	0.110412	0.115313	0.700035
ME728	Half_Elven1	Half_Elven	0.052776	0.071740	0.057982	0.817502
ME729	Half_Elven1	Half_Elven	0.000010	0.999970	0.000010	0.000010
ME730	Half_Elven1	Half_Elven	0.000010	0.999970	0.000010	0.000010
ME731	Half_Elven1	Half_Elven	0.052683	0.038721	0.087201	0.821395
ME732	Half_Elven1	Half_Elven	0.000010	0.000010	0.999970	0.000010
ME733	Half_Elven1	Half_Elven	0.000010	0.000010	0.999970	0.000010
ME734	Half_Elven1	Half_Elven	0.027205	0.034027	0.183200	0.755569
ME735	Half_Elven1	Half_Elven	0.000282	0.073444	0.180112	0.746162
ME736	Half_Elven1	Half_Elven	0.107829	0.149214	0.087634	0.655324
ME737	Half_Elven1	Half_Elven	0.029527	0.072521	0.097782	0.800170
ME738	Half_Elven1	Half_Elven	0.999970	0.000010	0.000010	0.000010
ME739	Half_Elven1	Half_Elven	0.999970	0.000010	0.000010	0.000010
ME740	Half_Elven1	Half_Elven	0.247645	0.059677	0.042996	0.649682
ME741	Half_Elven1	Half_Elven	0.075932	0.104905	0.036579	0.782584
ME742	Half_Elven1	Half_Elven	0.110096	0.042789	0.029478	0.817638
ME743	Half_Elven1	Half_Elven	0.140232	0.034088	0.019230	0.806450
ME744	Half_Elven1	Half_Elven	0.011388	0.041771	0.007711	0.939130
ME745	Half_Elven1	Half_Elven	0.021080	0.022810	0.053143	0.902966
ME746	Half_Elven1	Half_Elven	0.000010	0.081019	0.083393	0.835577
ME747	Half_Elven1	Half_Elven	0.000213	0.053385	0.019466	0.926937
ME748	Half_Elven1	Half_Elven	0.027446	0.000010	0.000010	0.972534
ME749	Half_Elven1	Half_Elven	0.015641	0.038758	0.018086	0.927515
ME750	Half_Elven1	Half_Elven	0.013993	0.029458	0.045404	0.911145
ME751	Half_Elven1	Half_Elven	0.003712	0.000010	0.030384	0.965893
ME752	Half_Elven1	Half_Elven	0.037338	0.026360	0.112608	0.823695
ME753	Half_Elven1	Half_Elven	0.018314	0.052381	0.116456	0.812849
ME754	Half_Elven1	Half_Elven	0.015765	0.017051	0.091491	0.875694
ME755	Half_Elven1	Half_Elven	0.010470	0.052936	0.076630	0.859965
ME756	Half_Elven1	Half_Elven	0.028076	0.000010	0.092646	0.879267
ME757	Half_Elven1	Half_Elven	0.028270	0.015663	0.040347	0.915720
ME758	Half_Elven1	Half_Elven	0.006396	0.043771	0.026406	0.923427
ME759	Half_Elven1	Half_Elven	0.014227	0.050070	0.050356	0.885347
ME760	Half_Elven1	Half_Elven	0.033231	0.019571	0.103812	0.843386
ME761	Half_Elven1	Half_Elven	0.025630	0.033939	0.049402	0.891029
ME762	Half_Elven1	Half_Elven	0.036978	0.036145	0.055344	0.871533
ME763	Half_Elven1	Half_Elven	0.008182	0.019391	0.080499	0.891928
ME764	Half_Elven1	Half_Elven	0.032985	0.028886	0.055830	0.882300
ME765	Half_Elven1	Half_Elven	0.000010	0.046446	0.043848	0.909696
ME766	Half_Elven1	Half_Elven	0.026526	0.000010	0.074439	0.899025
ME767	Half_Elven1	Half_Elven	0.084265	0.005627	0.014901	0.895207
